3	0
61	0
135	0
134	0
117	0
179	0
178	0
116	0
60	0
13	-2
41	0
177	0
176	0
173	0
172	0
99	1
181	0
180	0
98	0
40	1
39	-3
51	0
151	0
150	0
50	0
38	-1
23	2
143	0
142	0
75	0
105	0
104	0
74	0
37	0
109	0
191	0
190	0
129	0
153	0
152	0
128	0
108	0
73	-2
77	0
133	0
132	0
76	0
72	-1
67	1
139	0
138	0
131	0
165	0
164	0
130	0
66	0
59	2
137	0
136	0
93	0
115	0
157	0
156	0
155	0
154	0
114	1
92	-2
81	-2
121	0
120	0
80	0
58	3
34	2
161	0
28	2
87	0
17	0
144	0
125	0
90	0
21	-2
148	0
24	0
83	0
78	1
196	0
69	1
33	-1
160	0
82	0
141	0
14	-2
140	0
101	1
100	0
174	0
47	2
175	0
48	0
1	-12
25	-6
84	0
171	0
44	1
26	0
85	2
86	0
27	4
46	0
122	0
4	5
2	5
170	0
43	0
71	0
198	0
189	0
62	3
182	0
55	0
123	-1
64	0
5	0
183	0
56	0
65	0
192	0
124	0
6	3
16	-1
79	0
197	0
70	0
20	-1
147	0
91	0
32	1
159	0
8	-4
126	0
9	-2
68	0
195	0
127	0
10	6
188	0
145	0
18	2
35	-3
162	0
52	-1
166	0
168	0
169	0
42	0
167	0
53	2
102	0
103	-1
158	0
31	-4
194	0
45	0
54	0
29	0
11	0
96	0
97	2
110	0
111	-1
193	0
163	0
36	0
63	1
94	0
95	0
184	0
57	1
185	0
15	-2
186	0
187	0
49	2
106	0
107	0
112	0
113	0
19	1
146	0
7	-6
12	-3
22	4
149	0
30	-1
88	0
118	0
119	0
199	0
89	0
